initial conditions:
[ 0.  -0.2] [0.41472079 0.2       ]
****       0.0000 -1.997e-01 2.004e-01
****       7.6867 1.030e-01 3.259e-01
****      14.9533 1.942e-01 2.392e-01
****      22.2267 -2.190e-02 1.671e-01
****      29.2233 -1.681e-01 1.544e-01
****      36.8067 -4.929e-02 3.287e-01
****      44.1267 2.072e-01 3.110e-01
****      51.2467 2.247e-01 2.331e-01
****      58.4567 -1.122e-02 1.524e-01
****      65.3000 -1.649e-01 8.858e-02
****      72.3833 -2.040e-01 1.635e-01
****      80.1067 4.671e-02 3.375e-01
****      87.3700 2.159e-01 2.766e-01
****      94.5867 1.074e-01 1.695e-01
****     101.4100 -1.308e-01 9.348e-02
****     108.3167 -1.948e-01 7.575e-02
****     115.5433 -1.908e-01 2.289e-01
****     123.1467 1.360e-01 3.266e-01
****     130.3467 2.148e-01 2.457e-01
****     137.5933 9.368e-03 1.568e-01
****     144.4267 -1.590e-01 8.764e-02
****     151.4633 -2.057e-01 1.397e-01
****     159.1333 -3.095e-03 3.451e-01
****     166.3500 2.273e-01 3.217e-01
****     173.3767 2.762e-01 2.809e-01
****     180.4367 2.133e-01 2.046e-01
****     187.5333 -6.780e-02 1.475e-01
****     194.5200 -1.813e-01 1.438e-01
****     202.1033 -5.026e-02 3.331e-01
****     209.3833 2.131e-01 3.241e-01
****     216.4267 2.689e-01 2.783e-01
****     223.5133 1.910e-01 1.922e-01
****     230.5267 -9.307e-02 1.389e-01
****     237.5533 -1.858e-01 1.578e-01
****     245.2267 -1.713e-03 3.372e-01
****     252.5100 2.157e-01 2.971e-01
****     259.6667 1.853e-01 2.029e-01
****     266.7633 -8.558e-02 1.561e-01
****     273.9000 -1.692e-01 2.070e-01
****     281.6367 7.440e-02 3.116e-01
****     289.0233 1.341e-01 2.166e-01
****     296.2500 -8.781e-02 1.913e-01
****     303.7300 -7.770e-02 2.951e-01
****     311.2600 1.494e-01 2.723e-01
****     318.6367 3.249e-02 1.800e-01
****     325.6333 -1.525e-01 1.541e-01
****     333.1233 -8.511e-02 3.136e-01
****     340.5067 1.935e-01 3.117e-01
****     347.6567 2.131e-01 2.274e-01
****     354.8667 -3.211e-02 1.577e-01
****     361.8133 -1.729e-01 1.316e-01
****     369.2600 -1.075e-01 3.094e-01
****     376.6167 1.934e-01 3.308e-01
****     383.6733 2.686e-01 2.852e-01
****     390.7400 2.162e-01 2.088e-01
****     397.8600 -6.049e-02 1.495e-01
****     404.8333 -1.800e-01 1.392e-01
****     412.3800 -6.745e-02 3.286e-01
****     419.6700 2.085e-01 3.297e-01
****     426.6967 2.769e-01 2.931e-01
****     433.7200 2.548e-01 2.379e-01
****     440.8833 3.345e-02 1.430e-01
****     447.5667 -1.299e-01 2.710e-02
****     454.2567 -8.018e-02 -9.198e-02
****     461.0867 2.298e-01 -1.677e-01
****     467.9100 4.323e-01 -1.897e-01
****     474.0467 6.202e-01 4.612e-02
****     480.4833 4.026e-01 2.227e-01
****     487.3600 2.582e-01 2.003e-01
****     494.4100 -3.850e-02 1.287e-01
****     501.1567 -1.546e-01 3.206e-02
****     507.9500 -1.509e-01 -3.886e-02
****     514.6933 -1.536e-02 -1.375e-01
****     521.8133 2.545e-01 -2.170e-01
****     528.7700 3.422e-01 -2.598e-01
****     535.5433 4.748e-01 -2.028e-01
****     541.5733 6.244e-01 8.224e-02
****     548.1100 4.242e-01 2.696e-01
****     554.8167 3.251e-01 3.762e-01
****     559.8600 -4.346e-01 -2.473e-02
****     564.9600 3.245e-01 -3.740e-01
****     571.6767 4.152e-01 -2.736e-01
****     578.2533 6.100e-01 -1.009e-01
****     584.2233 4.845e-01 1.933e-01
****     590.9833 3.409e-01 2.526e-01
****     597.9567 2.292e-01 1.967e-01
****     604.9967 -6.620e-02 1.351e-01
****     611.8800 -1.801e-01 9.285e-02
****     619.1000 -1.855e-01 2.301e-01
****     626.7200 1.324e-01 3.213e-01
****     633.9567 1.942e-01 2.310e-01
****     641.2033 -3.847e-02 1.674e-01
****     648.2600 -1.672e-01 1.762e-01
****     655.9500 7.834e-03 3.287e-01
****     663.2967 1.938e-01 2.697e-01
****     670.5800 5.899e-02 1.661e-01
****     677.4100 -1.461e-01 9.366e-02
****     684.4033 -2.031e-01 1.204e-01
****     691.9733 -6.103e-02 3.383e-01
****     699.1833 2.135e-01 3.511e-01
****     706.0200 2.709e-01 3.820e-01
****     711.4767 -3.694e-01 2.690e-01
****     716.2733 2.790e-01 -4.076e-01
****     722.9333 3.698e-01 -3.028e-01
****     729.6700 4.989e-01 -2.035e-01
****     735.6267 6.173e-01 1.082e-01
****     742.2200 4.252e-01 2.952e-01
****     748.4067 5.058e-02 4.959e-01
****     752.8433 1.175e-01 -4.850e-01
****     759.1333 4.430e-01 -2.827e-01
****     765.6500 6.431e-01 -7.065e-02
****     771.7300 4.842e-01 2.224e-01
****     778.4600 3.645e-01 3.304e-01
****     784.4300 -9.774e-02 4.869e-01
****     788.9233 2.103e-01 -4.547e-01
****     795.3767 4.462e-01 -2.749e-01
initial conditions:
[ 0.  -0.1] [0.44421466 0.2       ]
****       0.0000 -9.967e-02 2.002e-01
****       7.5200 -3.343e-02 2.960e-01
****      14.9767 1.307e-01 2.576e-01
****      22.3067 8.666e-03 1.893e-01
****      29.4200 -1.301e-01 1.963e-01
****      37.0067 -2.198e-03 3.075e-01
****      44.3967 1.470e-01 2.539e-01
****      51.6967 6.175e-03 1.824e-01
****      58.7533 -1.397e-01 1.792e-01
****      66.2900 -3.184e-02 3.113e-01
****      73.6600 1.685e-01 2.772e-01
****      80.9067 8.615e-02 1.807e-01
****      87.8267 -1.252e-01 1.303e-01
****      94.9533 -1.710e-01 2.036e-01
****     102.5800 6.976e-02 3.164e-01
****     109.8667 1.674e-01 2.405e-01
****     117.1067 -1.344e-02 1.738e-01
****     124.1367 -1.493e-01 1.702e-01
****     131.6633 -3.877e-02 3.142e-01
****     139.0067 1.771e-01 2.884e-01
****     146.2133 1.314e-01 1.912e-01
****     153.1933 -1.033e-01 1.439e-01
****     160.3100 -1.651e-01 2.015e-01
****     167.9400 5.722e-02 3.148e-01
****     175.2533 1.609e-01 2.401e-01
****     182.5033 -1.715e-02 1.770e-01
****     189.5700 -1.455e-01 1.840e-01
****     197.1467 -9.790e-03 3.142e-01
****     204.5033 1.681e-01 2.680e-01
****     211.7633 5.722e-02 1.762e-01
****     218.6767 -1.353e-01 1.283e-01
****     225.8467 -1.653e-01 2.210e-01
****     233.4433 9.327e-02 3.129e-01
****     240.7167 1.624e-01 2.298e-01
****     247.9267 -3.708e-02 1.748e-01
****     255.0333 -1.456e-01 1.982e-01
****     262.6533 2.367e-02 3.107e-01
****     270.0167 1.501e-01 2.458e-01
****     277.2967 -1.058e-02 1.819e-01
****     284.3900 -1.395e-01 1.921e-01
****     291.9833 1.374e-03 3.111e-01
****     299.3533 1.562e-01 2.571e-01
****     306.6400 1.936e-02 1.784e-01
****     313.6333 -1.427e-01 1.573e-01
****     321.0533 -8.622e-02 2.982e-01
****     328.4467 1.666e-01 3.018e-01
****     335.6300 1.695e-01 2.122e-01
****     342.7433 -6.265e-02 1.621e-01
****     349.8300 -1.568e-01 1.918e-01
****     357.4533 2.655e-02 3.155e-01
****     364.7867 1.636e-01 2.526e-01
****     372.0567 1.230e-02 1.755e-01
****     379.0367 -1.463e-01 1.531e-01
****     386.4467 -9.179e-02 2.968e-01
****     393.8400 1.668e-01 3.050e-01
****     401.0100 1.803e-01 2.187e-01
****     408.1500 -4.708e-02 1.620e-01
****     415.1800 -1.600e-01 1.698e-01
****     422.7433 -2.068e-02 3.197e-01
****     430.0600 1.837e-01 2.862e-01
****     437.2567 1.299e-01 1.891e-01
****     444.2200 -1.054e-01 1.393e-01
****     451.3133 -1.699e-01 1.909e-01
****     458.9400 4.293e-02 3.195e-01
****     466.2400 1.739e-01 2.534e-01
****     473.4933 2.109e-02 1.714e-01
****     480.4200 -1.468e-01 1.336e-01
****     487.6967 -1.405e-01 2.606e-01
****     495.1900 1.362e-01 3.108e-01
****     502.4000 1.766e-01 2.250e-01
****     509.5733 -3.833e-02 1.667e-01
****     516.6167 -1.554e-01 1.750e-01
****     524.1833 -1.632e-02 3.182e-01
****     531.5133 1.796e-01 2.798e-01
****     538.7333 1.045e-01 1.818e-01
****     545.6500 -1.185e-01 1.284e-01
****     552.7267 -1.771e-01 1.821e-01
****     560.3533 3.660e-02 3.238e-01
****     567.6333 1.868e-01 2.647e-01
****     574.8600 6.286e-02 1.706e-01
****     581.7200 -1.340e-01 1.095e-01
****     588.7533 -1.881e-01 1.559e-01
****     596.3433 -2.277e-03 3.317e-01
****     603.5833 2.057e-01 3.021e-01
****     610.6833 2.091e-01 2.261e-01
****     617.8233 -1.408e-02 1.536e-01
****     624.6867 -1.574e-01 1.026e-01
****     631.8200 -1.827e-01 1.991e-01
****     639.4333 7.596e-02 3.229e-01
****     646.6800 1.886e-01 2.522e-01
****     653.9033 2.894e-02 1.663e-01
****     660.7767 -1.449e-01 1.121e-01
****     667.8900 -1.811e-01 1.937e-01
****     675.5133 6.422e-02 3.226e-01
****     682.7767 1.853e-01 2.536e-01
****     690.0067 2.998e-02 1.677e-01
****     696.8900 -1.445e-01 1.160e-01
****     704.0267 -1.762e-01 2.052e-01
****     711.6400 7.840e-02 3.190e-01
****     718.9033 1.773e-01 2.437e-01
****     726.1367 -5.731e-05 1.696e-01
****     733.0967 -1.514e-01 1.445e-01
****     740.4733 -1.057e-01 2.909e-01
****     747.8733 1.637e-01 3.109e-01
****     755.0267 1.974e-01 2.309e-01
****     762.1967 -1.389e-02 1.593e-01
****     769.1067 -1.576e-01 1.224e-01
****     776.3667 -1.493e-01 2.557e-01
****     783.8600 1.351e-01 3.158e-01
****     791.0500 1.923e-01 2.356e-01
****     798.2400 -7.720e-03 1.625e-01
initial conditions:
[ 0.   -0.08] [0.4478854 0.2      ]
****       0.0000 -7.967e-02 2.001e-01
****       7.4533 -5.617e-02 2.847e-01
****      14.9500 1.172e-01 2.631e-01
****      22.3000 1.895e-02 1.939e-01
****      29.4300 -1.229e-01 1.994e-01
****      37.0067 -4.493e-03 3.041e-01
****      44.4100 1.395e-01 2.516e-01
****      51.7133 -7.517e-04 1.859e-01
****      58.8133 -1.342e-01 1.940e-01
****      66.3967 -1.956e-03 3.085e-01
****      73.7767 1.506e-01 2.559e-01
****      81.0667 1.466e-02 1.806e-01
****      88.0867 -1.406e-01 1.670e-01
****      95.5567 -6.265e-02 3.053e-01
****     102.9333 1.691e-01 2.925e-01
****     110.1367 1.405e-01 1.979e-01
****     117.1633 -9.243e-02 1.532e-01
****     124.3033 -1.557e-01 2.114e-01
****     131.9233 6.408e-02 3.093e-01
****     139.2467 1.448e-01 2.311e-01
****     146.4800 -4.123e-02 1.826e-01
****     153.6667 -1.294e-01 2.240e-01
****     161.2867 5.633e-02 2.967e-01
****     168.6767 1.052e-01 2.196e-01
****     175.8900 -7.288e-02 1.959e-01
****     183.2933 -7.426e-02 2.768e-01
****     190.8133 1.124e-01 2.698e-01
****     198.1733 3.517e-02 1.948e-01
****     205.2800 -1.214e-01 1.914e-01
****     212.8167 -2.684e-02 3.040e-01
****     220.2233 1.484e-01 2.639e-01
****     227.5200 3.439e-02 1.815e-01
****     234.5100 -1.372e-01 1.562e-01
****     241.8933 -9.795e-02 2.893e-01
****     249.3133 1.566e-01 3.013e-01
****     256.5133 1.599e-01 2.107e-01
****     263.6200 -6.835e-02 1.634e-01
****     270.7400 -1.518e-01 2.043e-01
****     278.3633 4.490e-02 3.100e-01
****     285.7067 1.466e-01 2.377e-01
****     292.9633 -2.768e-02 1.831e-01
****     300.1133 -1.332e-01 2.114e-01
****     307.7333 3.616e-02 3.027e-01
****     315.1167 1.248e-01 2.323e-01
****     322.3800 -4.566e-02 1.927e-01
****     329.6700 -1.041e-01 2.501e-01
****     337.2600 8.199e-02 2.812e-01
****     344.6533 5.990e-02 2.059e-01
****     351.8167 -1.029e-01 1.995e-01
****     359.3400 -3.084e-02 2.965e-01
****     366.7867 1.311e-01 2.576e-01
****     374.1100 1.002e-02 1.888e-01
****     381.2133 -1.303e-01 1.933e-01
****     388.7833 -9.409e-03 3.074e-01
****     396.1733 1.506e-01 2.581e-01
****     403.4633 2.039e-02 1.807e-01
****     410.4733 -1.398e-01 1.631e-01
****     417.9167 -7.421e-02 3.012e-01
****     425.3000 1.658e-01 2.968e-01
****     432.5000 1.520e-01 2.036e-01
****     439.5633 -8.108e-02 1.585e-01
****     446.6933 -1.540e-01 2.083e-01
****     454.3200 5.648e-02 3.091e-01
****     461.6533 1.443e-01 2.331e-01
****     468.8967 -3.725e-02 1.836e-01
****     476.0800 -1.288e-01 2.226e-01
****     483.7000 5.314e-02 2.972e-01
****     491.0900 1.067e-01 2.213e-01
****     498.3133 -6.966e-02 1.963e-01
****     505.7100 -7.583e-02 2.750e-01
****     513.2367 1.100e-01 2.699e-01
****     520.6000 3.505e-02 1.959e-01
****     527.7167 -1.198e-01 1.940e-01
****     535.2600 -2.276e-02 3.035e-01
****     542.6700 1.452e-01 2.607e-01
****     549.9733 2.436e-02 1.826e-01
****     556.9900 -1.378e-01 1.660e-01
****     564.4433 -6.988e-02 3.020e-01
****     571.8300 1.654e-01 2.937e-01
****     579.0400 1.410e-01 1.989e-01
****     586.0733 -9.124e-02 1.549e-01
****     593.2200 -1.540e-01 2.140e-01
****     600.8400 6.708e-02 3.078e-01
****     608.1667 1.407e-01 2.283e-01
****     615.3900 -4.825e-02 1.837e-01
****     622.6133 -1.230e-01 2.343e-01
****     630.2233 6.987e-02 2.918e-01
****     637.6100 9.030e-02 2.126e-01
****     644.7900 -8.763e-02 1.952e-01
****     652.2400 -5.986e-02 2.867e-01
****     659.7233 1.250e-01 2.671e-01
****     667.0600 3.211e-02 1.903e-01
****     674.1333 -1.279e-01 1.819e-01
****     681.6400 -4.262e-02 3.050e-01
****     689.0367 1.590e-01 2.758e-01
****     696.3000 7.623e-02 1.820e-01
****     703.2400 -1.266e-01 1.374e-01
****     710.4267 -1.569e-01 2.288e-01
****     718.0100 9.757e-02 3.089e-01
****     725.2867 1.516e-01 2.240e-01
****     732.4800 -5.086e-02 1.769e-01
****     739.6500 -1.358e-01 2.204e-01
****     747.2700 5.686e-02 3.001e-01
****     754.6433 1.153e-01 2.224e-01
****     761.8633 -6.610e-02 1.928e-01
****     769.2233 -8.801e-02 2.681e-01
****     776.7667 1.048e-01 2.748e-01
****     784.1333 4.635e-02 1.975e-01
****     791.2467 -1.167e-01 1.907e-01
****     798.7633 -3.560e-02 3.016e-01
